         
CHN18CS001 8 8.5 7 0 6 7 8.5 8 
CHN18CS002 6 0 0 0 6 0 9 8 
CHN18CS003 9 9 10 10 8.5 10 9 8.5 
CHN18CS004 8 8.5 10 10 7 9 9 8.5 
CHN18CS005 6 6 10 7 8 8 9 8.5 
CHN18CS006 0 6 7 0 6 0 7 8 
CHN18CS007 8 7 10 9 7 8 9 9 
CHN18CS008 7 6 8 9 7 7 9 8.5 
CHN18CS009 9 10 9 7 8.5 9 8.5 8 
CHN18CS010 10 9 10 8.5 8 9 8.5 8.5 
CHN18CS011 0 7 7 6 8 7 9 8.5 
CHN18CS012 7 8 9 6 8 8 9  
CHN18CS013 0 5 8.5 0 7 7 9 9 
CHN18CS014 0 0 7 7 6 0 8.5 8 
CHN18CS015 0 0 8 0 7 0 8.5 8.5 
CHN18CS016 8 10 10 7 7 8.5 9 9 
CHN18CS017 8 8 9 9 8 8 10  
CHN18CS018 10 10 10 10 8 9 9 8 
CHN18CS019 0 8 7 6 6 7 8.5 10 
CHN18CS020 8.5 9 10 8 8 10 10 8.5 
CHN18CS021 7 9 10 8 8.5 8 9 8.5 
CHN18CS022 0 0 7 8 6 0 9 8 
CHN18CS023 6 7 9 9 7 6 9 8 
CHN18CS024 0 6 8.5 0 7 0 9 8 
CHN18CS025 7 8 9 7 8.5 7 8 8.5 
CHN18CS026 10 8 8 8 7 9 10 8 
CHN18CS027 0 0 8 0 6 6 10 8.5 
CHN18CS028 6 0 9 6 0 6 10 8.5 
CHN18CS029 9 9 10 8 9 10 9 8.5 
CHN18CS030 8 7 10 6 7 8 8.5 8.5 
CHN18CS031 0 6 10 6 6 0 9 8 
CHN18CS032 7 8.5 8 7 7 8 8.5 8 
CHN18CS033 10 10 10 8 8 10 9 8.5 
CHN18CS034 0 6 8 0 8 7 9 8 
CHN18CS035 10 8.5 10 8 8 10 10 8 
CHN18CS036 7 9 8 8 8.5 10 9 8.5 
CHN18CS037 9 8 10 6 7 8.5 9 8.5 
CHN18CS038 8 9 8 7 8.5 9 9 8.5 
CHN18CS039 8.5 7 10 6 7 8 9 8 
CHN18CS040 0 0 8 6 6 0 9 8 
CHN18CS041 0 0 7 0 7 0 9 8 
CHN18CS042 6 7 8.5 7 8 8 9 8.5 
CHN18CS043 8 7 8 7 7 8 9 8.5 
CHN18CS044 5 6 0 6 6 6 8.5 8 
CHN18CS045 0 8 9 7 7 8 8.5 9 
CHN18CS046 0 6 10 0 7 6 10 8 
CHN18CS047 6 6 9 0 6 7 8.5 8 
CHN18CS048 0 0 9 0 7 0 9 8 
CHN18CS049 8.5 9 10 8 7 8 8.5 8 
CHN18CS050 0 5 6 0 6 0 8.5 8 
CHN18CS051 0 8 8 0 8.5 7 9 8 
CHN18CS052 0 0 7 0 0 0 8 8 
CHN18CS053 7 7 10 6 7 7 9 8.5 
CHN18CS054 9 9 9 7 8.5 10 9 9 
CHN18CS055 8 8 8.5 0 8 8 9 8 
CHN18CS056 7 8.5 10 6 8 9 9 8 
CHN18CS057 7 8 8.5 6 8 7 10 8 
CHN18CS058 9 8.5 9 6 8 10 8.5 8.5 
CHN18CS059 8.5 9 10 8.5 8.5 10 10 10 
CHN18CS060 6 0 9 7 7 6 8.5 8 
CHN18CS061 0 6 8.5 8.5 7 0 9 8 
CHN18CS062 10 9 10 7 7 10 9 8.5 
CHN18CS063 9 8.5 9 7 7 8.5 9 8 
CHN18CS064 0 7 9 6 6 7 8 8 
CHN18CS065 0 0 7 0 7 0 9 8.5 
CHN18CS066 0 6 8.5 0 7 6 9 8 
CHN18CS067 0 7 8 6 8 7 9 8.5 
CHN18CS068 7 7 10 6 7 7 8.5 8 
CHN18CS069 7 8 9 6 7 9 9 9 
CHN18CS070 0 7 7 6 7 6 8.5 8.5 
CHN18CS071 0 6 7 0 0 7 9 8 
CHN18CS072 8 8 9 9 8 9 9  
CHN18CS073 8 9 8.5 8 8.5 10 8.5 9 
CHN18CS074 6 0 8 0 8 0 9 8 
CHN18CS075 7 7 10 8 7 8.5 8 7 
CHN18CS076 6 0 8 7 7 6 8.5 8 
CHN18CS077 10 10 10 8 8.5 8.5 8.5 8 
CHN18CS078 0 7 9 8 8 7 8.5 8 
CHN18CS079 8 7 8.5 7 7 7 8.5 8 
CHN18CS080 10 10 10 8 9 8.5 10 8.5 
CHN18CS081 8 6 0 0 6 6 8.5 7 
CHN18CS082 7 6 10 8.5 7 6 8.5 8 
CHN18CS083 0 0 0 0 8.5 7 9 8.5 
CHN18CS084 7 7 8.5 7 7 6 9 8.5 
CHN18CS085 0 0 8 8 6 0 10 9 
CHN18CS086 0 6 7 7 7 7 8.5 8 
CHN18CS087 10 10 10 9 8.5 10 9 9 
CHN18CS088 6 7 8 0 7 7 9 8.5 
CHN18CS089 6 7 8 0 7 7 9 8.5 
CHN18CS090 0 0 0 0 7 0 8 8.5 
CHN18CS091 10 10 9 6 10 8.5 9 9 
CHN18CS092 8.5 9 9 8 8 8.5 10 8.5 
CHN18CS093 10 10 10 9 9 10 10 8.5 
CHN18CS094 6 7 7 0 6 6 10 8.5 
CHN18CS095 9 8.5 9 9 9 10 9 8.5 
CHN18CS096 7 7 8 7 8 8 9 8 
CHN18CS097 7 7 9 6 7 8 10 8.5 
CHN18CS098 0 0 8.5 6 7 0 8.5 7 
CHN18CS099 9 9 9 8 8.5 10 9  
CHN18CS100 8 8 10 8.5 9 8.5 9 8.5 
CHN18CS101 6 7 8.5 7 8 8 8.5 8.5 
CHN18CS102 7 9 9 6 8.5 10 8.5 8.5 
CHN18CS103 9 9 10 8 8 9 10  
CHN18CS104 8.5 8 10 10 8.5 10 9 8 
CHN18CS105 7 8 10 7 8 8 9 9 
CHN18CS106 6 6 7 6 6 7 8.5 8 
CHN18CS107 6 6 10 0 7 8.5 9 7 
CHN18CS108 0 0 8 0 7 7 8.5 8 
CHN18CS109 0 7 8.5 0 7 5 9 8 
CHN18CS110 6 6 8 0 7 6 7 8 
CHN18CS111 8 8 8 8 8 8 9  
CHN18CS112 8.5 8 8 6 7 7 8.5 9 
CHN18CS113 8 8.5 10 7 7 8.5 9 8.5 
CHN18CS114 6 8.5 9 0 8 8 9 9 
CHN18CS115 9 8.5 10 6 8 10 8.5 8.5 
CHN18CS116 8 8 10 6 8 8 10 8 
CHN18CS117 0 0 0 0 6 0 7 7 
CHN18CS118 6 7 10 8 8 7 8.5 8 
CHN18CS119 0 0 0 0 6 0 8.5 7 
CHN18CS120 6 6 7 6 6 6 8.5 8.5 
CHN18CS121 7 8.5 8.5 7 8 7 10 8 
CHN18CS122 8 8.5 10 7 8 7 10 8.5 
CHN18CS123 10 8 10 9 6 7 10 9 
