         
CHN18CS001 9 8.5 8.5 10 8.5 7 8 7 
CHN18CS002 0 0 0 0 8.5 8 0 7 
CHN18CS003 10 8 10 9 10 8.5 9 9 
CHN18CS004 8 8 9 10 10 8 10 8.5 
CHN18CS005 7 7 9 10 10 7 8.5 6 
CHN18CS006 5 6 6 7 8 0 6 0 
CHN18CS007 8.5 8 8 9 10 8 8.5 8 
CHN18CS008 8 8 8.5 9 9 6 9 8.5 
CHN18CS009 10 10 10 10 10 8.5 10 7 
CHN18CS010 10 10 9 10 10 8.5 10 8.5 
CHN18CS011 7 8 7 10 10 7 10 0 
CHN18CS012 8.5 8 8 9 9 6 9 6 
CHN18CS013 7 7 8 10 10 0 10 0 
CHN18CS014 6 6 6 0 7 8 9 0 
CHN18CS015 6 6 7 7 9 0 8 5 
CHN18CS016 10 8.5 8 9 10 8.5 9 6 
CHN18CS017 8.5 8.5 7 10 10 7 9 10 
CHN18CS018 10 9 9 10 10 10 9 10 
CHN18CS019 7 5 7 9 10 6 9 0 
CHN18CS020 10 10 8.5 10 10 8.5 10 7 
CHN18CS021 10 7 8 10 10 8 10 8 
CHN18CS022 0 5 6 6 6 8 9 6 
CHN18CS023 8 7 8.5 8.5 10 7 9 9 
CHN18CS024 0 0 7 6 8 9 0 8 
CHN18CS025 8 7 8 8 9 6 10 8 
CHN18CS026 8.5 8 9 9 10 10 9 8 
CHN18CS027 0 0 0 7 8 10 6 9 
CHN18CS028 0 6 6 8 10 0 8 7 
CHN18CS029 10 10 10 10 10 9 9 8 
CHN18CS030 0 8.5 7 8.5 10 6 8 6 
CHN18CS031 5 7 6 0 8.5 10 0 9 
CHN18CS032 8 6 8 8.5 10 7 7 7 
CHN18CS033 10 9 10 10 10 8 9 7 
CHN18CS034 6 7 7 9 10 6 8.5 0 
CHN18CS035 10 9 10 10 10 10 8 8 
CHN18CS036 9 8 10 10 10 7 8 8 
CHN18CS037 8 8.5 8 8.5 10 8 8 8 
CHN18CS038 10 8 9 9 10 8.5 8 6 
CHN18CS039 7 7 8 10 10 8.5 9 7 
CHN18CS040 6 0 6 10 10 6 8.5 7 
CHN18CS041 0 6 0 7 6 8.5 10 6 
CHN18CS042 7 7 8 8 10 8 9 6 
CHN18CS043 9 8 8 10 10 8 8.5 8 
CHN18CS044 0 0 7 6 9 10 0 8 
CHN18CS045 8 6 8 9 10 5 9 7 
CHN18CS046 7 6 9 9 10 6 9 7 
CHN18CS047 8 0 7 9 8.5 8 8 7 
CHN18CS048 0 6 0 0 6 8 9 0 
CHN18CS049 8 8.5 8.5 10 9 9 8.5 9 
CHN18CS050 0 0 0 0 8.5 10 5 8 
CHN18CS051 8 7 8 9 10 0 8.5 0 
CHN18CS052 0 0 0 6 8 8 6 8 
CHN18CS053 9 7 7 10 9 0 8 6 
CHN18CS054 10 8 10 10 10 8 10 7 
CHN18CS055 8 7 8 10 10 8 8.5 6 
CHN18CS056 8 7 7 9 10 7 8 7 
CHN18CS057 8 7 8.5 9 10 6 8 7 
CHN18CS058 9 8 10 10 10 8 9 8 
CHN18CS059 10 9 8 10 10 8 9 9 
CHN18CS060 0 8 0 7 9 10 0 8.5 
CHN18CS061 0 0 0 9 0 0 6 7 
CHN18CS062 10 10 10 10 10 10 8.5 10 
CHN18CS063 8 8 8 10 10 7 8.5 7 
CHN18CS064 6 6 8 10 10 0 8.5 6 
CHN18CS065 6 6 6 7 6 9 10 0 
CHN18CS066 7 6 7 10 10 0 8.5 0 
CHN18CS067 8 7 8.5 8.5 10 6 9 0 
CHN18CS068 8 7 8 9 10 7 9 7 
CHN18CS069 9 8 9 10 10 7 8.5 6 
CHN18CS070 8.5 8.5 9 10 10 8 8.5 7 
CHN18CS071 5 0 6 8.5 8.5 0 7 0 
CHN18CS072 8.5 8.5 7 10 10 6 8 8 
CHN18CS073 9 10 9 9 10 8.5 8 8 
CHN18CS074 6 7 8 7 7 8.5 10 7 
CHN18CS075 7 7 7 8.5 10 7 8 8 
CHN18CS076 7 6 7 8 9 10 0 8.5 
CHN18CS077 10 10 10 10 10 10 10 7 
CHN18CS078 8 8 8 10 10 6 8 8.5 
CHN18CS079 5 6 7 10 10 7 8 8 
CHN18CS080 10 9 10 10 10 10 10 8 
CHN18CS081 7 0 8 10 10 8 8 6 
CHN18CS082 6 0 8 8 10 6 9 8 
CHN18CS083 0 6 7 7 7 7 10 6 
CHN18CS084 7 7 8 9 10 6 8 7 
CHN18CS085 6 0 7 6 6 8.5 10 6 
CHN18CS086 0 7 8 9 10 0 10 6 
CHN18CS087 10 10 10 10 10 10 10 8.5 
CHN18CS088 6 0 6 10 10 7 8.5 0 
CHN18CS089 8 7 7 10 10 0 10 0 
CHN18CS090 0 0 0 8.5 9 0 7 0 
CHN18CS091 9 8.5 10 10 10 8.5 10 7 
CHN18CS092 10 10 9 10 10 10 10 7 
CHN18CS093 9 9 9 10 10 9 9 10 
CHN18CS094 8 7 8.5 8.5 10 8 8.5 5 
CHN18CS095 10 8 10 10 10 10 10 9 
CHN18CS096 8 7 7 10 10 7 9 7 
CHN18CS097 7 7 8 8.5 10 0 8.5 0 
CHN18CS098 0 0 6 6 6 8.5 10 0 
CHN18CS099 10 9 10 10 10 9 10 9 
CHN18CS100 7 8.5 7 8 10 0 9 7 
CHN18CS101 7 7 8 8.5 10 6 9 0 
CHN18CS102 9 9 10 10 10 8 10 6 
CHN18CS103 10 8.5 10 10 10 8 9 7 
CHN18CS104 9 8.5 8.5 10 10 8.5 8.5 8 
CHN18CS105 7 7 8 9 10 7 10 7 
CHN18CS106 6 6 6 8.5 10 0 8 0 
CHN18CS107 7 6 8 9 10 8 10 6 
CHN18CS108 7 7 7 7 8 10 8 8 
CHN18CS109 7 7 7 8 10 6 8 6 
CHN18CS110 6 0 5 8 10 0 7 0 
CHN18CS111 8 8 9 9 10 8 8.5 8 
CHN18CS112 7 7 8 10 10 7 10 6 
CHN18CS113 8.5 7 8 8.5 10 8 7 6 
CHN18CS114 7 7 0 10 10 0 8 0 
CHN18CS115 8 8 9 9 10 9 10 0 
CHN18CS116 8.5 8.5 8 8 10 8 9 7 
CHN18CS117 0 6 6 8.5 0 0 8 10 
CHN18CS118 6 0 7 8 10 0 7 8 
CHN18CS119 0 0 0 0 0 8 10 0 
CHN18CS120 6 6 6 8.5 10 0 8.5 0 
CHN18CS121 7 8 8 8 10 5 9 7 
CHN18CS122 9 9 9 10 10 9 8.5 8 
CHN18CS123 0 8 0 10 10 0 9 7 
